python nn\nn6.py

ll = [3, 2, 3], lr = 0.01
errors: [0.8457485601119759, 0.8121044317681125, 0.7675925898196563, 0.7870061400626287, 0.7610866424974961, 0.7108695686793328, 0.6692950378242664, 0.6879005088282484, 0.6579672347459866, 0.6542129942466351, 0.6076945528035566, 0.6088412172869401, 0.612994507381464, 0.5624083106457435, 0.5783550474055632, 0.5372282247099882, 0.5549455810103212, 0.5358546003551908, 0.5255829935857272, 0.53795976293666, 0.5213515102780486, 0.5423418640618687, 0.4996049679364126, 0.5143178939794573, 0.5218053040027708, 0.4993030405815848, 0.46348668363207735, 0.5089268991403776, 0.4296464255195098, 0.5052486169023911, 0.4855048425342799, 0.5062540560466657, 0.44964538254911807, 0.4630239998055472, 0.4862640908545274, 0.4881502268021744, 0.4422410628193475, 0.4928309245736222, 0.4651321963646874, 0.46396769917802577, 0.43942225653036227, 0.44173281689018756, 0.44843104884556345, 0.48342049390832537, 0.4122422220149656, 0.4321750412964287, 0.46617689941091534, 0.43552956243602176, 0.4275961313521312, 0.4207900962118741, 0.46372245093132203, 0.43778118832422364, 0.45645117771004495, 0.4583615863807708, 0.4182650417183256, 0.4048671332896711, 0.4589028168330956, 0.43817010437186854, 0.44722159350768514, 0.4285707902955561, 0.4277662970303763, 0.44075954061660794, 0.44069574861074967, 0.46179069337141215, 0.42541118876001266, 0.42543301547617707, 0.4513682789727625, 0.4606783154215652, 0.4431919970687443, 0.4053247702057055, 0.4376789884201988, 0.42909971876853353, 0.37175375997558396, 0.4077223717878271, 0.45888994670135635, 0.40621852023287686, 0.41113318974751223, 0.4272782236550807, 0.42676641857357756, 0.3809863099548977, 0.4312391603701437, 0.432681212552021, 0.4002456888472304, 0.3771839069911559, 0.3987895337883993, 0.4051238945352714, 0.36727222338704957, 0.36464316175043243, 0.42511952156526145, 0.4359087817659652, 0.3730219262488655, 0.35650557535273397, 0.35192434700576314, 0.39720552173001517, 0.39658862867966227, 0.36675057032767133, 0.3602210250271258, 0.40010114914917816, 0.4071224254978191, 0.3906704648750786]
x = [0 1 0], y = [1 0 0], out = [ 0.76  0.25  0.68], e = 0.766615004241
x = [1 0 1], y = [0 1 1], out = [ 0.25  0.77  0.33], e = 0.75665020247
x = [1 0 1], y = [0 1 1], out = [ 0.25  0.77  0.33], e = 0.75665020247
x = [1 0 0], y = [0 0 1], out = [ 0.16  0.02  0.67], e = 0.368197498646
x = [0 0 0], y = [0 0 0], out = [ 0.02  0.13  0.31], e = 0.340606806686

ll = [3, 2, 3], lr = 0.02
errors: [0.8604974941069348, 0.8529746786902932, 0.8301573850405264, 0.8058984494226837, 0.7760376171642388, 0.7694939465468525, 0.7517856441264926, 0.7338960469115905, 0.737559764250763, 0.7217840240310287, 0.6934778574824567, 0.6961854004531639, 0.684276269999975, 0.679502277872876, 0.674527621641155, 0.6284498301677207, 0.6363622079930366, 0.6232404678286969, 0.6127519855814031, 0.6212151933687069, 0.6055993531767144, 0.624928747515293, 0.589257901008546, 0.5815322674827157, 0.585302114616071, 0.5594048748818837, 0.5392694195624502, 0.5657099594791909, 0.5415163863608603, 0.5495597750495993, 0.5178299236883697, 0.5347758772205254, 0.5288179034893494, 0.5023261842618655, 0.540027595553072, 0.5286672512586361, 0.47556560005077997, 0.5198756045047156, 0.5264634469334097, 0.46183332372399727, 0.4968387539604876, 0.49577486021373823, 0.4861097572788518, 0.5151530339210363, 0.4427783270452745, 0.4291785051508499, 0.5015266833608661, 0.475455858905179, 0.49875463823145066, 0.4348821156576005, 0.470276008136134, 0.4312663476427684, 0.4707427918426642, 0.4507749818001025, 0.43479657741858696, 0.4435472144726673, 0.46453294537886103, 0.47805997814522283, 0.4417065252180141, 0.4219409236170336, 0.4436549048214385, 0.4370591413289532, 0.404960572530085, 0.4527600579895569, 0.40632139817779683, 0.4279596167058755, 0.4798049242108281, 0.4838151553931053, 0.4395640896583802, 0.4377327959958573, 0.4649445077221397, 0.42978505616048446, 0.4138408314477213, 0.4171404518757796, 0.4689889885180978, 0.41412248799957035, 0.4391853447493541, 0.41229303569229747, 0.4331935087455638, 0.41636784015769845, 0.4429041781402603, 0.44923255978226473, 0.39083389494856596, 0.38469503618453826, 0.3653638329791978, 0.40107193416851106, 0.3941651331030816, 0.3951884846546319, 0.3974658106750364, 0.4076011763920466, 0.3727515417746913, 0.37406021917879223, 0.3299265114657203, 0.41846433724332605, 0.4275175579822383, 0.37936931006547114, 0.37962810895284393, 0.39905468959524276, 0.3994321952498721, 0.4033117413965616]
x = [0 1 0], y = [1 0 0], out = [ 0.87  0.68  0.28], e = 0.743806484443
x = [1 0 1], y = [0 1 1], out = [ 0.16  0.33  0.72], e = 0.745012879893
x = [1 0 1], y = [0 1 1], out = [ 0.16  0.33  0.72], e = 0.745012879893
x = [1 0 0], y = [0 0 1], out = [ 0.05  0.11  0.98], e = 0.125469615543
x = [0 0 0], y = [0 0 0], out = [ 0.03  0.44  0.21], e = 0.486385864452

ll = [3, 2, 3], lr = 0.05
errors: [0.9170374429702711, 0.8969808181572313, 0.8102766526965578, 0.7565266868510381, 0.7343007099931959, 0.6763865538595307, 0.6918220098473992, 0.6535856361573296, 0.6494982480059199, 0.6443805357462355, 0.6362741845893657, 0.6281167178019509, 0.6073345264561336, 0.5755928687829046, 0.5701669680790584, 0.5970051009704125, 0.5825409035111098, 0.593048279658703, 0.5509140450255073, 0.5446591867873489, 0.5442917169728113, 0.5936017706656255, 0.5619131289821556, 0.5117941771758535, 0.5101402926686966, 0.5293283804713761, 0.5214761580550582, 0.5033581093451436, 0.500101868964968, 0.4918882442883974, 0.49976952566308463, 0.47293181714797156, 0.44991389089026734, 0.45059592558650885, 0.4322073743472437, 0.4150352974305845, 0.43833994901901596, 0.4019874530352108, 0.4382674500868329, 0.3827793067744558, 0.42092031237657535, 0.4628648936806159, 0.4421941971792268, 0.39220514378546767, 0.38239372060437304, 0.3414552393163598, 0.31494010537147354, 0.36994161451910257, 0.4122579861491118, 0.3511401383942579, 0.33337963000087467, 0.2971382575546112, 0.3214578249665707, 0.29401338773619806, 0.32482900560485484, 0.3498959307619644, 0.3417680196557651, 0.3557207726898959, 0.3541071142830053, 0.3191346948844619, 0.3562991864301383, 0.3096956324054348, 0.2971092120703189, 0.2916817320377204, 0.27337555856855206, 0.3366436889358491, 0.295185334158226, 0.36006333419552233, 0.34127509309173903, 0.31811482264320173, 0.27861097588298295, 0.3195768652535497, 0.3516155564707416, 0.26914719390938147, 0.30318940887952084, 0.3083858193108421, 0.31008640325348485, 0.22694225682632607, 0.3232471433513805, 0.25961267912772856, 0.24449578323128493, 0.31899283372184944, 0.29525786455993785, 0.27807205732446694, 0.2617497483857415, 0.2684983463137691, 0.33636314582552146, 0.3116748903037801, 0.28025823785178366, 0.22662316272288607, 0.2551595788081837, 0.2571127023936668, 0.22273495290993972, 0.27021494218319486, 0.30856524837722116, 0.2374798695150393, 0.30570180401449, 0.3137079796815162, 0.32047831077421324, 0.30974345464888287]
x = [0 1 0], y = [1 0 0], out = [ 1.    0.07  0.07], e = 0.0993942052931
x = [1 0 1], y = [0 1 1], out = [ 0.    0.91  0.91], e = 0.131865837456
x = [1 0 1], y = [0 1 1], out = [ 0.    0.91  0.91], e = 0.131865837456
x = [1 0 0], y = [0 0 1], out = [ 0.05  0.04  0.99], e = 0.0648507424157
x = [0 0 0], y = [0 0 0], out = [ 0.43  0.47  0.48], e = 0.799966746003

ll = [3, 2, 3], lr = 0.1
errors: [0.8148759963757332, 0.6995692525453003, 0.672018579604613, 0.6361224610399983, 0.563414316966248, 0.508095848338302, 0.5306848988678475, 0.47318766262216494, 0.46954880690743517, 0.45651938071375187, 0.44392664584300645, 0.4469314046419746, 0.42137329648962074, 0.43129164260997344, 0.41033009321639047, 0.402095214602788, 0.3879153289921917, 0.41224556681507807, 0.37866962515781777, 0.3804126995463294, 0.3707868580670129, 0.4393287738786124, 0.3982674768857216, 0.3553708455651527, 0.3579179867273329, 0.3666763168567362, 0.3593025782526295, 0.3561701709630618, 0.37406976951771687, 0.34658440427900744, 0.3455612675789041, 0.3314177968133027, 0.3377695098683409, 0.32201048664974047, 0.33211436790427684, 0.3098484669104718, 0.3141639333943722, 0.3035831666869064, 0.3483266961667503, 0.27262473347938704, 0.3381644475601909, 0.37144237739177727, 0.3541926868066978, 0.3269413327117336, 0.3066502253507881, 0.2656505320049243, 0.27749989840529815, 0.3104026752928662, 0.35492436106108366, 0.285712030044035, 0.27965147090087167, 0.24470190150589208, 0.2739428447105917, 0.2437278435345157, 0.2727957211331768, 0.29897646414861023, 0.2888324900098915, 0.31264605694328657, 0.2905971874958496, 0.2697677541905388, 0.3056134727345234, 0.2701150164209805, 0.2478139036049371, 0.259318441781304, 0.23539754037120514, 0.2876694320685652, 0.27646775244776217, 0.3167150661802392, 0.29359579593569285, 0.2933656076376294, 0.26899242507416954, 0.27939690053032573, 0.3147757982719521, 0.24882689796520396, 0.279916477900155, 0.2750308129389199, 0.28725975017602545, 0.21662564175964827, 0.28370173980392105, 0.25117466925807663, 0.2355879878979921, 0.2846604941313942, 0.25604102387197025, 0.2507340289091566, 0.22615595347000922, 0.24355274539950872, 0.297378094535272, 0.28436825377882297, 0.24824214856101662, 0.215511109212174, 0.2379988765718943, 0.2421762420750463, 0.19996416694168961, 0.25776592500332024, 0.28629726476914397, 0.22784091885627167, 0.27343991195738726, 0.27873383917230227, 0.2833713969642587, 0.2838125501692006]
x = [0 1 0], y = [1 0 0], out = [ 1.    0.07  0.17], e = 0.180395867415
x = [1 0 1], y = [0 1 1], out = [ 0.    0.93  0.79], e = 0.219986066293
x = [1 0 1], y = [0 1 1], out = [ 0.    0.93  0.79], e = 0.219986066293
x = [1 0 0], y = [0 0 1], out = [ 0.    0.    0.97], e = 0.0285126999389
x = [0 0 0], y = [0 0 0], out = [ 0.18  0.18  0.6 ], e = 0.647516209435

ll = [3, 2, 3], lr = 0.15
errors: [0.8516997943130076, 0.6872991247717595, 0.5688186888261745, 0.5406604047263522, 0.48828614580648266, 0.4387325721779058, 0.4702394961743376, 0.44575076543853265, 0.44793261303818427, 0.4415173800943647, 0.4068600460747776, 0.40785523674626767, 0.39861431324749164, 0.41252266041246066, 0.4108911746605447, 0.33992164204506536, 0.34608806154213295, 0.3421812829363428, 0.32594005858241354, 0.3407224319185997, 0.3181576427193203, 0.35282230364664835, 0.2949578691154775, 0.33100345787131047, 0.3411742892867332, 0.3090401592606534, 0.2567763572595361, 0.3241924124612423, 0.23374725902723334, 0.3215962552271971, 0.2854739667329816, 0.3152907536270622, 0.268016943738433, 0.274479975197797, 0.3186724481040086, 0.3157085267969431, 0.24592128213590908, 0.32188477706188023, 0.291832699191064, 0.27749694094955324, 0.26438854185547167, 0.2594072386085612, 0.2631450079373552, 0.3182295935522117, 0.22333361945406338, 0.23641395266141316, 0.311634557055779, 0.2674833851873906, 0.26420956334607776, 0.25069815042657145, 0.29447716761096876, 0.2590998612685792, 0.2948819290902396, 0.2913753498078323, 0.25168985075935085, 0.2406236944599977, 0.29341201353912555, 0.2815634102624289, 0.2673194044236889, 0.2501710597903371, 0.25805510479317467, 0.2686510125288305, 0.25082885908943137, 0.2946959143542642, 0.25173778033640176, 0.24960958263188554, 0.30506182974493934, 0.3060211549945557, 0.2765315929113348, 0.24829512601584014, 0.29220798613343724, 0.26195984836671005, 0.21402852278158957, 0.25080696332644853, 0.3068756798423664, 0.2425968610853239, 0.25822313008114717, 0.2699271777262611, 0.2653027143576143, 0.23441502798053077, 0.2871766870410578, 0.2829972508595465, 0.23668544088425836, 0.2139260262868452, 0.21810327283758887, 0.2410452393816714, 0.19976439803507723, 0.20341888353394139, 0.2514892168790932, 0.2714076689238324, 0.2118184619568388, 0.20148837005742817, 0.17714124463127245, 0.24844940897407913, 0.24897695912606924, 0.21935797827707187, 0.20445048211004377, 0.24076790153695732, 0.24026098183007538, 0.23245327941831456]
x = [0 1 0], y = [1 0 0], out = [ 0.83  0.16  0.58], e = 0.619071975222
x = [1 0 1], y = [0 1 1], out = [ 0.18  0.83  0.33], e = 0.709699493972
x = [1 0 1], y = [0 1 1], out = [ 0.18  0.83  0.33], e = 0.709699493972
x = [1 0 0], y = [0 0 1], out = [ 0.04  0.    0.84], e = 0.163244454027
x = [0 0 0], y = [0 0 0], out = [ 0.    0.05  0.12], e = 0.129962915227

ll = [3, 2, 3], lr = 0.2
errors: [1.0603882795893085, 0.6474492005738571, 0.5174912197671809, 0.4789761138450965, 0.4199446641024852, 0.3767507463362459, 0.4218056129847777, 0.3798377741030241, 0.3942876245909537, 0.3802930455874089, 0.37617160280169726, 0.3716057545803224, 0.34224065796804937, 0.3440352165979016, 0.3103406399389999, 0.3330930978543885, 0.30503012314444755, 0.34329692821490615, 0.2953935643935709, 0.270232004137097, 0.27032530223938506, 0.3374855405185921, 0.3138128412863718, 0.2714495892267583, 0.2644128493847872, 0.30013413301452596, 0.28575955012281096, 0.2734420806775374, 0.2841761848906603, 0.27804015679838645, 0.2991018498326811, 0.2720676801206787, 0.2506530494834122, 0.268711977384389, 0.2539278981806787, 0.24688815335125536, 0.27322165890223626, 0.2495534683770617, 0.28834563950553166, 0.2476360773280124, 0.28288011267831215, 0.33531641709855264, 0.32231182254105983, 0.2875403119402493, 0.27050147584780576, 0.2403166274651243, 0.21473004744916363, 0.26265953900120365, 0.29996627742498805, 0.25708398328265925, 0.25198880293607867, 0.21724849525562276, 0.23274723965957467, 0.21142027277664266, 0.23484114241422716, 0.25528312175715046, 0.26816481234615425, 0.2718360324606454, 0.2822119739739082, 0.2535933893791291, 0.27664617986608425, 0.2472597499641024, 0.23945420502982678, 0.22985367222878114, 0.21433559674524907, 0.2635533428773103, 0.2290541166375603, 0.29018212183371916, 0.28124800076383794, 0.24832874869982371, 0.2219531134886069, 0.2635938230259532, 0.27264485737046384, 0.21700154206057415, 0.25438545392391015, 0.2511287768652027, 0.2488646652195256, 0.19229084857941764, 0.2649528933394404, 0.20207986580122284, 0.19794920252924225, 0.2594727889010115, 0.24244039327808603, 0.22300058599517505, 0.21916077891615224, 0.2224111192157688, 0.2638191622373239, 0.2494295330268369, 0.24710696445728156, 0.2022805417108221, 0.20499668997911918, 0.20249041963522038, 0.18365012372040573, 0.22192656179510487, 0.24928304808633162, 0.19655274317960317, 0.24806491028352756, 0.2657113195865236, 0.27524812307631225, 0.2635866808352248]
x = [0 1 0], y = [1 0 0], out = [ 1.    0.14  0.04], e = 0.14421346744
x = [1 0 1], y = [0 1 1], out = [ 0.    0.8   0.95], e = 0.203241645097
x = [1 0 1], y = [0 1 1], out = [ 0.    0.8   0.95], e = 0.203241645097
x = [1 0 0], y = [0 0 1], out = [ 0.04  0.11  1.  ], e = 0.118399844634
x = [0 0 0], y = [0 0 0], out = [ 0.14  0.56  0.14], e = 0.588351778256

ll = [3, 2, 3], lr = 0.3
errors: [0.6086341796014499, 0.48768977961838145, 0.4654281178296232, 0.38549521150082283, 0.38025127619949317, 0.35091513858689316, 0.35655582001752195, 0.27896805249971135, 0.29359236551575063, 0.28562740841649226, 0.3183473445289288, 0.2968257030800411, 0.27172036298189306, 0.2709260649513093, 0.23907649410814621, 0.31160826730964986, 0.26428467886369367, 0.3046833122657182, 0.26556935428986456, 0.23649993331060454, 0.25028814178564984, 0.2975517416874431, 0.30060205819185287, 0.23778961072183769, 0.23462581208441985, 0.2770361621614816, 0.29014903102292783, 0.24895157999702067, 0.29414435417248863, 0.25226762880602005, 0.2805404661838233, 0.24580751955914726, 0.25175199492429673, 0.2609345140039294, 0.23056951247977225, 0.22523137974749377, 0.27227289655706444, 0.22434045184319829, 0.2714977655514215, 0.23707098634859614, 0.274840906122426, 0.32117732783232406, 0.30828711497978945, 0.25932290476789416, 0.27604687748875695, 0.23466729838776434, 0.1908261330764583, 0.2499924608873033, 0.28601439022482844, 0.25211458657078967, 0.22789020221109751, 0.20288325901339102, 0.2144440571971393, 0.19261558505369397, 0.23026257702475575, 0.2526766620632061, 0.24339220064293043, 0.2554139540824749, 0.2605954184531511, 0.2445111898328693, 0.26531566970758735, 0.23154097026526368, 0.22350697524048488, 0.2056290276837574, 0.2048266668898373, 0.2490337598857847, 0.20983676771956572, 0.26446253638559886, 0.2627862696789098, 0.24670755445362397, 0.20990313179641956, 0.24699431829711355, 0.28028842839755397, 0.20441274245057087, 0.22286466536670876, 0.23987268244506546, 0.24019173144934702, 0.17391055362953836, 0.24330239126872358, 0.2037138492873458, 0.18002513788850705, 0.23955295877327962, 0.23658187738595088, 0.22385811782396436, 0.20982610786592082, 0.20934443345979736, 0.26351559226936905, 0.24983656987852526, 0.22160453016583104, 0.17848752318768601, 0.20453037847679145, 0.20696184638110052, 0.18424443799788467, 0.20673889689153338, 0.2365343807969184, 0.19222443692168045, 0.2442182886523459, 0.2477779138639043, 0.2562349806016839, 0.2507269640865452]
x = [0 1 0], y = [1 0 0], out = [ 0.98  0.    0.  ], e = 0.0209608897169
x = [1 0 1], y = [0 1 1], out = [ 0.01  1.    1.  ], e = 0.0120061616277
x = [1 0 1], y = [0 1 1], out = [ 0.01  1.    1.  ], e = 0.0120061616277
x = [1 0 0], y = [0 0 1], out = [ 0.09  0.03  1.  ], e = 0.0996386178803
x = [0 0 0], y = [0 0 0], out = [ 0.53  0.12  0.12], e = 0.558013515091

ll = [3, 2, 3], lr = 0.5
errors: [0.6926277509756597, 0.49156910775395024, 0.4370196733828585, 0.36785761964668123, 0.4085579112980703, 0.37338104451392895, 0.33870647546917254, 0.26995345170517226, 0.2842628807980802, 0.26991419011866014, 0.2915646639556065, 0.29181809241622353, 0.24918303132886885, 0.24690485268891682, 0.22468132200310745, 0.2682816513223636, 0.23880853049365044, 0.2795401890633459, 0.2415380852785979, 0.22426033282704957, 0.22913319996361156, 0.29719692378641765, 0.2745803229927653, 0.21437552201678176, 0.2133210977418233, 0.24630500153362786, 0.2534597603886583, 0.2375662539361652, 0.2753878532812825, 0.2357626524087322, 0.24928149965275176, 0.2238374318718365, 0.23729824017500792, 0.22953672976760336, 0.2271376525828061, 0.2100321957642696, 0.23569961475563864, 0.21536748022175445, 0.26140789502898454, 0.20106252382693893, 0.26042059659009553, 0.29945050815142804, 0.286474347867503, 0.2479577288375387, 0.23730724192177907, 0.19667182963635846, 0.19093663136112124, 0.23324920807189212, 0.27928644176168743, 0.21877495483612827, 0.21308963527300395, 0.17522351324414348, 0.20334630245196614, 0.1747271954807655, 0.2056288210274527, 0.23508927017701653, 0.22811234874425387, 0.24877771648304597, 0.23023861386459177, 0.21516177064363043, 0.24504350978147446, 0.21106191374137442, 0.18914270493737423, 0.19574058703486735, 0.1764441475727871, 0.22672892838449915, 0.2116249520500543, 0.25633843968299735, 0.23775387979535695, 0.2324757121014791, 0.20163878021298212, 0.21321598581064916, 0.25607553227301116, 0.18484540094210447, 0.2145234025478959, 0.21559743914776142, 0.22457943186959053, 0.14903073769282157, 0.224313206978441, 0.19062741521115878, 0.1722612017089641, 0.22445920269491335, 0.205976185313604, 0.19769354163223565, 0.1795681787251799, 0.19130129841817023, 0.24277528405878013, 0.231853989171252, 0.1972102640709372, 0.16367302690838667, 0.1807271520467971, 0.18434546445228311, 0.154102059756448, 0.20021432421328875, 0.2282674151961477, 0.17310775025155123, 0.21939989352979095, 0.23059408298759146, 0.23527591617787952, 0.2292674200717929]
x = [0 1 0], y = [1 0 0], out = [ 1.    0.03  0.07], e = 0.0809258490057
x = [1 0 1], y = [0 1 1], out = [ 0.    0.97  0.83], e = 0.173559629288
x = [1 0 1], y = [0 1 1], out = [ 0.    0.97  0.83], e = 0.173559629288
x = [1 0 0], y = [0 0 1], out = [ 0.    0.    0.98], e = 0.0197186201479
x = [0 0 0], y = [0 0 0], out = [ 0.1   0.11  0.47], e = 0.495228040904

ll = [3, 2, 3], lr = 0.9
errors: [0.7050865845979701, 0.5669528364053756, 0.40824184229953775, 0.3849302549575506, 0.3245659979220944, 0.2868586753436357, 0.31192988692266144, 0.2935651328956007, 0.31239182248694797, 0.28378033882650366, 0.23900662177167895, 0.26397002802189135, 0.2466706602998409, 0.23352521092770887, 0.24890564662867068, 0.1668853335060847, 0.21620588902639498, 0.21062541386275935, 0.21300679830283747, 0.2471107354189952, 0.21963536710152914, 0.25141504813484655, 0.19496370943875901, 0.22486430889460776, 0.2488641823172997, 0.20703985282842904, 0.1754348481778705, 0.2396967767468861, 0.17289027073871177, 0.23221216247237006, 0.19030004995645886, 0.22542880429769635, 0.21217280204796973, 0.19300290221255026, 0.253433694406802, 0.24765479842050517, 0.1627121520214258, 0.24260795717037592, 0.2189748791662659, 0.17898678715589628, 0.19953300589645293, 0.1788812819078111, 0.1898347501441929, 0.2533796439473107, 0.16134142470213628, 0.1667312012099409, 0.2608030088757578, 0.205766634156663, 0.2050824774482417, 0.16997508251829482, 0.21381312195174954, 0.19164574085291958, 0.23312720053857114, 0.22404188960473126, 0.193328626321611, 0.17997490048190776, 0.21950252407463047, 0.21749323774086343, 0.17847957942072865, 0.1760113072487081, 0.18959387131664293, 0.19392769131844723, 0.16279872722745736, 0.21975297734063529, 0.1863663378821963, 0.18133363004349853, 0.251908274372811, 0.2340032749070787, 0.19670193536019603, 0.1838019894447958, 0.23922988851214158, 0.187488919746954, 0.15079373866581872, 0.19390009828516702, 0.24138570539723073, 0.1786551808226414, 0.20460661168552643, 0.20572128932222689, 0.19970857860268865, 0.19445478584028833, 0.23289392601963363, 0.2110676760897733, 0.16499106560973817, 0.1541520262412833, 0.1510244974030107, 0.18070074011894077, 0.14290780782138376, 0.15140163872447332, 0.18315889238337538, 0.20868941876221667, 0.16758712792258212, 0.157605546461272, 0.1171906149274603, 0.20431672201946585, 0.20387352812055476, 0.16265307309507804, 0.14999014746628078, 0.17490722038944564, 0.17038238118927468, 0.17852017680078827]
x = [0 1 0], y = [1 0 0], out = [ 0.88  0.5   0.09], e = 0.520185500995
x = [1 0 1], y = [0 1 1], out = [ 0.08  0.34  0.9 ], e = 0.672011171026
x = [1 0 1], y = [0 1 1], out = [ 0.08  0.34  0.9 ], e = 0.672011171026
x = [1 0 0], y = [0 0 1], out = [ 0.  0.  1.], e = 0.00462760406554
x = [0 0 0], y = [0 0 0], out = [ 0.    0.06  0.02], e = 0.0672409131558

ll = [3, 5, 3], lr = 0.01
errors: [1.172886366035338, 1.1553676092299905, 1.1824002667345148, 1.076275401872512, 1.0880438234343095, 1.03837184545306, 1.1532034858454638, 1.0770993137804838, 1.0822716579464302, 1.090336857476296, 1.1540656885491907, 1.1134901041512186, 0.9854176569667302, 1.0420463516365144, 1.0378277612832125, 1.0722350844790811, 1.0765326717857526, 1.0162185242192239, 1.0168083498652611, 0.9713758968427553, 0.8647545488393882, 0.9717352096562609, 0.9361059446757981, 0.9228818269547376, 0.9772891034682987, 0.8911996969831695, 0.961035822086774, 0.9808689427556014, 1.0126205739267173, 0.9267273465979134, 0.9120848615019673, 0.9575622820785418, 0.970954399979766, 0.9330780513990636, 0.9001812906730119, 0.9974829118535256, 0.9367495719008312, 0.9570522473846254, 0.9782975245703072, 0.8822819644315917, 0.8989560054549623, 0.9101855086244034, 0.9667551877193631, 0.931113989608151, 0.9540322945101883, 0.8196111181262685, 0.9889146992370219, 0.9482555041378249, 0.9872565689154031, 0.818510804897355, 0.98605318492845, 0.9303062403982695, 0.8768289399621955, 0.8924663042123037, 0.8771594417762443, 0.8562605681211344, 0.8877947346149737, 0.9157220950607633, 0.7366557947569414, 0.7883120647531016, 0.8254377102085406, 0.7871743614014338, 0.8153930108250222, 0.7914301934441695, 0.7895030288556195, 0.7856223413373499, 0.8213665633360473, 0.7365364549157551, 0.7307610596719013, 0.7751996725221582, 0.8574381061358106, 0.8291287243022591, 0.666161659095367, 0.6925480707017367, 0.7664034601488087, 0.7099098906329828, 0.7331785904389116, 0.7602315180747351, 0.707918485524315, 0.7652328975488968, 0.7508986356979684, 0.6988434495350115, 0.6226851545843783, 0.6606590468795406, 0.6713059838206742, 0.6194354612715168, 0.6838188347925171, 0.6372127346012694, 0.6099246857696407, 0.6612233372824177, 0.6738163307696933, 0.7239624961861417, 0.619199046818454, 0.6576191157277603, 0.6534069789546741, 0.6857700349385675, 0.7013151623764446, 0.6509194379771297, 0.65177572621511, 0.6858231342978067]
x = [0 1 0], y = [1 0 0], out = [ 0.83  0.29  1.  ], e = 1.0565770818
x = [1 0 1], y = [0 1 1], out = [ 0.21  0.66  1.  ], e = 0.403765511778
x = [1 0 1], y = [0 1 1], out = [ 0.21  0.66  1.  ], e = 0.403765511778
x = [1 0 0], y = [0 0 1], out = [ 0.06  0.08  0.99], e = 0.100082534569
x = [0 0 0], y = [0 0 0], out = [ 0.08  0.08  0.99], e = 0.994671789663

ll = [3, 5, 3], lr = 0.02
errors: [1.2311091911537466, 1.2026478662266902, 1.1477025648069366, 1.0648779843115463, 1.033685650029845, 0.9409901573804899, 0.8973659295267451, 0.8303981557857308, 0.7330942942550779, 0.6996542153689497, 0.7153691839276267, 0.6519630577740761, 0.6233666087018395, 0.6327578897384423, 0.5674189882074128, 0.6416638403275305, 0.566769132353285, 0.5942972871679532, 0.5388716369308775, 0.5094150862109973, 0.46633105916342726, 0.5143224226432849, 0.4816648999723469, 0.46933836393186595, 0.47956186458458944, 0.4943160664146278, 0.5041166457882653, 0.45195931439022397, 0.4505629626698983, 0.44328966910109274, 0.498544127782775, 0.4349112200135308, 0.4080904533906314, 0.46818171067760567, 0.38547651395694943, 0.39196498336054625, 0.46916996039522824, 0.4066651928421328, 0.40804690543655503, 0.4450312750505687, 0.3883675441083737, 0.45807413756602927, 0.459953858317207, 0.38865238952464387, 0.39554696066869627, 0.3762157341939873, 0.29752327969316456, 0.3519169552117002, 0.35307251765339304, 0.3477743358775752, 0.3197055921512556, 0.2918548191152104, 0.2791057071881217, 0.266882936642788, 0.2727731064131244, 0.2697777750713679, 0.2728161871000346, 0.2527998504210739, 0.2722539673371954, 0.2522168967623574, 0.24615350868981234, 0.2296444070679413, 0.23588353777732649, 0.21246438477918267, 0.2073217041102833, 0.2232412182635715, 0.18632886581478175, 0.21145254936206676, 0.21379331753586484, 0.18464035017547067, 0.16904331785707838, 0.19539262314118042, 0.18817878630501716, 0.16259559617693392, 0.17075580667837728, 0.17235688838002045, 0.17090164727074328, 0.15800863387530442, 0.1720745459603675, 0.14548894588128916, 0.14563869491851075, 0.16229282864325584, 0.15915306837029347, 0.14777102142267026, 0.15310011227596035, 0.14633594454637022, 0.15208428909431698, 0.14274059203864137, 0.14587017750124154, 0.13258491225297528, 0.13139922925881392, 0.13069397716444384, 0.12567548488975766, 0.12891623645656816, 0.13354702685782724, 0.12246896824606612, 0.13164786372878168, 0.13266134435896024, 0.13763771530588054, 0.1309314644184365]
x = [0 1 0], y = [1 0 0], out = [ 0.97  0.08  0.07], e = 0.113765039276
x = [1 0 1], y = [0 1 1], out = [ 0.03  0.94  0.93], e = 0.0958979401858
x = [1 0 1], y = [0 1 1], out = [ 0.03  0.94  0.93], e = 0.0958979401858
x = [1 0 0], y = [0 0 1], out = [ 0.07  0.11  0.95], e = 0.138274096111
x = [0 0 0], y = [0 0 0], out = [ 0.05  0.2   0.08], e = 0.221622014894

ll = [3, 5, 3], lr = 0.05
errors: [1.029897890804785, 0.8003581365573378, 0.6551870431118404, 0.6231180749019617, 0.5459292194078931, 0.4832901798402029, 0.4649211186558961, 0.44057995243675807, 0.43094378589574034, 0.40076805955453465, 0.36561434401406323, 0.34752527142181244, 0.31750029188965095, 0.2894942933870842, 0.27612342768602566, 0.25049750690162287, 0.23830305485327505, 0.22708780185015023, 0.20723554430134153, 0.19794585303402246, 0.1859544760635019, 0.1918868950680195, 0.1742774960361055, 0.16102635634291038, 0.1553192901770657, 0.15102724120017955, 0.1413412567793536, 0.1409023104106164, 0.13271891907134498, 0.13148667924432092, 0.12530183100775005, 0.12326178421126788, 0.11700188969088644, 0.1124557343573313, 0.11308672093434895, 0.10955064288077393, 0.10444817657062566, 0.10411180771832859, 0.10497548651921049, 0.09511709851786099, 0.09842458778515308, 0.09740238656927777, 0.09500158225203503, 0.09321658700452112, 0.08752639263052293, 0.08328728430026398, 0.08662125020178141, 0.08575497736053028, 0.08714309148419754, 0.07918180292570455, 0.08010901340902342, 0.07684592766153146, 0.07720033195275379, 0.07425749577683226, 0.07553272384743952, 0.07471508418693582, 0.07495288418606942, 0.0743329157647416, 0.07127684805289347, 0.0700614888805116, 0.07083333942165847, 0.06886776783965398, 0.0670094419242286, 0.06743173228767922, 0.06437160433737177, 0.066355910801859, 0.0661380389280691, 0.06665810162094521, 0.06504828371020123, 0.06353290780807315, 0.06273747814090819, 0.06291881262452949, 0.061657444244059084, 0.05870400853141535, 0.06095878640487639, 0.058991128696144354, 0.06008745257740071, 0.057163151556798984, 0.05846349435348171, 0.05649573041883379, 0.05640606802143181, 0.057372024211611354, 0.054949798647147254, 0.05405672947842178, 0.05320193041575332, 0.05337299847764854, 0.05455847628443797, 0.053382266034849975, 0.0522631561135381, 0.05107765739733188, 0.050846773479061996, 0.0513103096931931, 0.04818008594711074, 0.051424298252733314, 0.05209892870914594, 0.04970717481564758, 0.05057189842131738, 0.050212125711847515, 0.050757590104032115, 0.05029231273939791]
x = [0 1 0], y = [1 0 0], out = [ 0.99  0.04  0.04], e = 0.0563655612311
x = [1 0 1], y = [0 1 1], out = [ 0.01  0.96  0.97], e = 0.0489604812822
x = [1 0 1], y = [0 1 1], out = [ 0.01  0.96  0.97], e = 0.0489604812822
x = [1 0 0], y = [0 0 1], out = [ 0.02  0.03  0.98], e = 0.0395194601027
x = [0 0 0], y = [0 0 0], out = [ 0.03  0.04  0.04], e = 0.0672092759932

ll = [3, 5, 3], lr = 0.1
errors: [0.8052735767342231, 0.6141950478325501, 0.45498606052724433, 0.3661100194524058, 0.2874665506010393, 0.24586760775905955, 0.22953510103356087, 0.19584039357028957, 0.18183091520701672, 0.16499008087923214, 0.15231203329581253, 0.1419324992920714, 0.13421268557608007, 0.128392224661788, 0.12177242911828326, 0.11635262038535128, 0.11057905301704933, 0.10777598882033473, 0.10234635565126277, 0.09679305984659534, 0.09468893163375074, 0.09250695324070557, 0.08968158439700971, 0.08647474962206551, 0.08295449505713602, 0.0827692065998889, 0.07890200532265651, 0.07744175746734766, 0.07442928288060462, 0.07395064372062701, 0.07267980336646, 0.0710835845511914, 0.0678690070273878, 0.06722993218283574, 0.06580206191708407, 0.06493677932084203, 0.06368403738166704, 0.062360066048865424, 0.06194192935246436, 0.06079250522947113, 0.06029970908185983, 0.05987929374382879, 0.05846515561516021, 0.057257847978429435, 0.056242695967544575, 0.05521512003847425, 0.05368572128086637, 0.053750573694845837, 0.053587083642541826, 0.05225506348559248, 0.05166757500881542, 0.050963232668032356, 0.050088426865780133, 0.049037358858476925, 0.049673307764865074, 0.04896957617647629, 0.04882687038561187, 0.04784944110620561, 0.04797171720087623, 0.04730113673637761, 0.04646450505510596, 0.04599038889080724, 0.04573120296014933, 0.04502296274193658, 0.0442663840624604, 0.04456311343344108, 0.04330514260940856, 0.043790893963269246, 0.043633689518981625, 0.042099967774876255, 0.04151660735730853, 0.04218408825913805, 0.04161364320598146, 0.04027412775081073, 0.04045547391636291, 0.04020429091550949, 0.04039792176544972, 0.03977476471636716, 0.03979820423972887, 0.03847934491469648, 0.038370944025033916, 0.03887223695321115, 0.03839891712398875, 0.03762968819606662, 0.03785657225298279, 0.037434910377867586, 0.03748827875432373, 0.03686320320438756, 0.03674381105211748, 0.03584855357807224, 0.0356492841554152, 0.0357337914553852, 0.03501154926490254, 0.035279955022543205, 0.03547542462726196, 0.034556117353139924, 0.034963074822787314, 0.03475241692816183, 0.0351518945566979, 0.034616112333943995]
x = [0 1 0], y = [1 0 0], out = [ 0.98  0.02  0.02], e = 0.0336129796693
x = [1 0 1], y = [0 1 1], out = [ 0.02  0.98  0.98], e = 0.0327494436069
x = [1 0 1], y = [0 1 1], out = [ 0.02  0.98  0.98], e = 0.0327494436069
x = [1 0 0], y = [0 0 1], out = [ 0.02  0.02  0.98], e = 0.0358522286626
x = [0 0 0], y = [0 0 0], out = [ 0.03  0.03  0.02], e = 0.0416743964064

ll = [3, 5, 3], lr = 0.15
errors: [0.8582928233678305, 0.5748584569024259, 0.4439534341198145, 0.3583165259456186, 0.29616320685536357, 0.24331093211932406, 0.23289356131663944, 0.18611884124359515, 0.18086254381159184, 0.16367018423278928, 0.1553945276905281, 0.1418388054225702, 0.1291407439052969, 0.1203836990014499, 0.11562279775923223, 0.11766125989914501, 0.10856073606031956, 0.1067568893913721, 0.09902445549628716, 0.0901223383058355, 0.08942101876799535, 0.09022219859246494, 0.08821088701282352, 0.07991464976327166, 0.07653524172224553, 0.07833515034552001, 0.07616499449629849, 0.0726447806487125, 0.0735643691717212, 0.06834459907893409, 0.06774019003783197, 0.06587187859430285, 0.06386972710823471, 0.06192462525422572, 0.05987053754782402, 0.059869032424817885, 0.0594300561728169, 0.05639830432872525, 0.05850329613924802, 0.054227710694633086, 0.05652230007613632, 0.05643215346153457, 0.05482105874566754, 0.05178669577534148, 0.05224753878159206, 0.0487191159515744, 0.048093463235427174, 0.049528194023012014, 0.050774476962197085, 0.0463935748481404, 0.04621396722999385, 0.045230105367922976, 0.04403907333399148, 0.042519316108891356, 0.04491254138754946, 0.044547834935218696, 0.04383928659436963, 0.04353450946502607, 0.04244647230896339, 0.04190751076472503, 0.04210551840179077, 0.04049397104953443, 0.040413467815039815, 0.039348858698058126, 0.03871265843241048, 0.040176391387312736, 0.03826225659352088, 0.03921951559525287, 0.03897401807977878, 0.03775759361077509, 0.036825617338341464, 0.037982341629721604, 0.03754670375303508, 0.03491161574006085, 0.035575479932938595, 0.03556821238663115, 0.03604068071252091, 0.034473886313327554, 0.035423343680048514, 0.03412637605082067, 0.033429209217904536, 0.034580928151194554, 0.03363844230789567, 0.03311268951445165, 0.032988195855141365, 0.0324881876806246, 0.033922239090827755, 0.032925457184923325, 0.031727728232527806, 0.0305175727080217, 0.03122516152835101, 0.03167285094884857, 0.030165643214749408, 0.030981268397657167, 0.0316119749524967, 0.030204582961717276, 0.03138570319241494, 0.0308096654611957, 0.031178741154667188, 0.03084553326443627]
x = [0 1 0], y = [1 0 0], out = [ 0.99  0.02  0.02], e = 0.0273297491335
x = [1 0 1], y = [0 1 1], out = [ 0.01  0.99  0.99], e = 0.0248582496331
x = [1 0 1], y = [0 1 1], out = [ 0.01  0.99  0.99], e = 0.0248582496331
x = [1 0 0], y = [0 0 1], out = [ 0.02  0.02  0.99], e = 0.02744266936
x = [0 0 0], y = [0 0 0], out = [ 0.03  0.02  0.03], e = 0.0436418116556

ll = [3, 5, 3], lr = 0.2
errors: [0.8597136362561848, 0.7088559607848862, 0.6063093853287417, 0.6604041396916132, 0.6466568577066505, 0.6247208081135931, 0.35838664132716774, 0.15985411865540738, 0.14104519995722634, 0.12442973153489811, 0.1138096360196902, 0.10628497544839144, 0.09584723761148663, 0.08950709950539937, 0.08624351929275974, 0.08345231012543, 0.07951642494416414, 0.07611549779617534, 0.07295281858952517, 0.06969823535642504, 0.06757563551365528, 0.06632793854560506, 0.06489421203102051, 0.06096107011919145, 0.05935472439582276, 0.057973985046507207, 0.057611237298830255, 0.055673551718239934, 0.05678475859097182, 0.05254367368971846, 0.05092836979760148, 0.050376337838682714, 0.05069123077234883, 0.04816171616780279, 0.04752400965203982, 0.04697293498711546, 0.04593455817988135, 0.04459155344194667, 0.045284305722226526, 0.042426748675970405, 0.043858009738884124, 0.04276823582080233, 0.04198040713543466, 0.040786534258350306, 0.0410159454421224, 0.03897280628159929, 0.03943737833277608, 0.03922937636531995, 0.039575512946020554, 0.03706585713045547, 0.03694892127715479, 0.03636370795753497, 0.03577890562388687, 0.03459829791511007, 0.03584320305996117, 0.03554220393747003, 0.03454869044151796, 0.034755474347482794, 0.03321496228279207, 0.03317468877636189, 0.03321138942904287, 0.03230383278269959, 0.03190611432239859, 0.03168662442521262, 0.03136178110991645, 0.031719101867270984, 0.03135844451166081, 0.03100986535937051, 0.030595904709516626, 0.030528124651090588, 0.030366786249196375, 0.03004826560623291, 0.030151640102937374, 0.028755922501143734, 0.028739650760161127, 0.02863809878816383, 0.029138994787821563, 0.028307183700134995, 0.028330102344962093, 0.02841364656123269, 0.027723502303829625, 0.027793246216663195, 0.02707977269639073, 0.027009445211674296, 0.026607481467586905, 0.026517152802968704, 0.027242857479054656, 0.02679891501522783, 0.025554800859978806, 0.025178444435507874, 0.025691994405819707, 0.026134575794330313, 0.025048400856863107, 0.025511401135364917, 0.025715981099925535, 0.025022828028328843, 0.025399560626039697, 0.02479188585973836, 0.024791711529513868, 0.02481779553353085]
x = [0 1 0], y = [1 0 0], out = [ 0.99  0.01  0.01], e = 0.022850588437
x = [1 0 1], y = [0 1 1], out = [ 0.01  0.99  0.99], e = 0.0229218332057
x = [1 0 1], y = [0 1 1], out = [ 0.01  0.99  0.99], e = 0.0229218332057
x = [1 0 0], y = [0 0 1], out = [ 0.01  0.01  0.99], e = 0.0218616799532
x = [0 0 0], y = [0 0 0], out = [ 0.02  0.01  0.02], e = 0.0300995037038

ll = [3, 5, 3], lr = 0.3
errors: [0.622238572767695, 0.23490834239821867, 0.14722759136443764, 0.11455373143725665, 0.095436847269939, 0.08351731003473394, 0.07336599310700924, 0.06526017768682857, 0.064010113165427, 0.05866003184496835, 0.054615366632346625, 0.05213147520529879, 0.04785226662141158, 0.046919650576148914, 0.04550110091707901, 0.04289806290575912, 0.04218745697259519, 0.04018448627716957, 0.03948976016294606, 0.03761114170046965, 0.03673466446444003, 0.03588335373282559, 0.03552677536914174, 0.03408719757565758, 0.032948203894665226, 0.032228517246557634, 0.03165194056802166, 0.031356789886075244, 0.031686934110225516, 0.029643788352740886, 0.028559351404328744, 0.02875565410229391, 0.028767326660984936, 0.02727381129159781, 0.027294212255031904, 0.027289106670732987, 0.025970002210268704, 0.02577009397293165, 0.02613538093387421, 0.02451814045087916, 0.02552862157529404, 0.024822198803628313, 0.024227635524896395, 0.02388749678182893, 0.023967064237549875, 0.02273041895867629, 0.02338492479798807, 0.022982222960032578, 0.023318077561151816, 0.021703861278247888, 0.021889779087127654, 0.021684410336946406, 0.021102147105607164, 0.020410986122936764, 0.021352727685209, 0.021182642408428435, 0.020530165344523284, 0.020784334032226983, 0.019772129023650175, 0.01983802032544219, 0.01962137402085506, 0.01926251428540625, 0.01891623252442704, 0.019005469936437494, 0.018739127786849396, 0.01894047512142066, 0.018961349330089763, 0.018630831697989233, 0.018294262069879698, 0.01827811852828777, 0.018425861979775717, 0.018102255735701858, 0.01804910698445865, 0.017337333548297255, 0.017292250724074983, 0.017185135919360425, 0.017742478916246057, 0.017403541462460058, 0.017091734634738107, 0.017361407611024036, 0.01698975258710028, 0.016909665889323633, 0.016240004357383243, 0.016306935963305964, 0.016080573511798136, 0.016168277889704222, 0.01659009923548175, 0.016377471613623865, 0.015407137152524744, 0.015240017158671513, 0.015596461639192854, 0.016087087607071095, 0.015244831365701435, 0.015657375849637827, 0.015826981234691687, 0.015307054938350002, 0.015568898226055625, 0.015045207233612128, 0.015111773559253805, 0.015238451298015465]
x = [0 1 0], y = [1 0 0], out = [ 0.99  0.01  0.  ], e = 0.0141908458133
x = [1 0 1], y = [0 1 1], out = [ 0.01  0.99  1.  ], e = 0.0148572051203
x = [1 0 1], y = [0 1 1], out = [ 0.01  0.99  1.  ], e = 0.0148572051203
x = [1 0 0], y = [0 0 1], out = [ 0.01  0.01  1.  ], e = 0.0132062467163
x = [0 0 0], y = [0 0 0], out = [ 0.01  0.01  0.01], e = 0.0193038883614

ll = [3, 5, 3], lr = 0.5
errors: [0.8428883803503888, 0.5329530558573922, 0.21606757491618692, 0.12772132984265447, 0.09953670550108555, 0.07280447572783094, 0.06672069505970081, 0.04963953006464135, 0.05131174276441712, 0.04648759024955961, 0.04500541284690779, 0.04159770882389509, 0.03626997223161258, 0.03450818418295965, 0.032598089710550573, 0.033552506978510775, 0.030904596596477325, 0.03181018863663494, 0.02830657726446439, 0.02677749284928589, 0.02662405974796612, 0.02963239054787492, 0.027496714796214513, 0.024007411362908584, 0.023661798002387154, 0.02455514311374732, 0.023669332098008825, 0.022963201203210333, 0.023446657404771355, 0.02190342582412268, 0.021750685109998173, 0.02111439747270487, 0.020586053046798048, 0.01992592739425026, 0.019982919100386312, 0.01946660156151215, 0.019270468932580446, 0.01871955857456632, 0.0200533218603079, 0.017357838382535684, 0.019177878013119484, 0.01976218753030125, 0.019006968963141337, 0.017965217498750897, 0.017190164242635128, 0.015787730588982855, 0.016190333179845272, 0.017010427076399083, 0.018025584136932428, 0.015714123688037717, 0.01570228848268166, 0.014814746720186596, 0.015247186320428773, 0.014441878606407013, 0.015269995627914878, 0.015546002476833465, 0.015401047507036185, 0.015567536305201427, 0.014971890807272913, 0.014459958250006295, 0.01500463980778055, 0.014219326553848909, 0.013765899820881366, 0.013864134615657702, 0.013156944327884976, 0.014223353473042578, 0.013809213829651229, 0.014567947172510769, 0.014097974845001065, 0.01365052849453131, 0.013172883394033306, 0.013577454228592935, 0.013743101711312431, 0.012391880289429183, 0.013117712324757065, 0.012830513091554575, 0.013161466200435292, 0.011933175564199962, 0.012913461731893444, 0.01209305493029728, 0.011961218751056945, 0.012772417333878999, 0.012108852502506595, 0.011823784630034717, 0.011517611467179271, 0.011695027694505998, 0.012441368548386693, 0.012065522577511272, 0.011558630610967966, 0.010920425356412014, 0.01112991069498142, 0.011276403902778951, 0.010412572486812245, 0.011436271568889428, 0.011866331492932803, 0.010880804749370929, 0.011527109101184154, 0.011494974153577642, 0.01169463625773395, 0.011548025586224475]
x = [0 1 0], y = [1 0 0], out = [ 1.    0.01  0.01], e = 0.0111399802226
x = [1 0 1], y = [0 1 1], out = [ 0.    0.99  0.99], e = 0.00986750289763
x = [1 0 1], y = [0 1 1], out = [ 0.    0.99  0.99], e = 0.00986750289763
x = [1 0 0], y = [0 0 1], out = [ 0.    0.01  1.  ], e = 0.00809516296255
x = [0 0 0], y = [0 0 0], out = [ 0.01  0.01  0.01], e = 0.018796987157

ll = [3, 5, 3], lr = 0.9
errors: [0.6919949294754698, 0.5769271066812142, 0.529877185989747, 0.6010784473901719, 0.5015948049375423, 0.5498226918186643, 0.1162783522311088, 0.06843465893283157, 0.05930451301355811, 0.05133519776025844, 0.04621023372751226, 0.04212960481982871, 0.03813321697104474, 0.035455579549875944, 0.03379307004770206, 0.03291478221115188, 0.03113088414068039, 0.030793662648454085, 0.02848410207384708, 0.026811809829729482, 0.026351264788166545, 0.027230212258382857, 0.025831846144179202, 0.023971604472784503, 0.023160225126287376, 0.02346009721920823, 0.022329591416898307, 0.021922994259534128, 0.021322838979519323, 0.020888779988702325, 0.02070168881709398, 0.020169064936833472, 0.019164446623564656, 0.01897385421947943, 0.018623409481735645, 0.01829634446403661, 0.018106875269393388, 0.017629359590735836, 0.018026028231237473, 0.01694202034212255, 0.017368464541655124, 0.017616499054366064, 0.01708735580453241, 0.016435711862980464, 0.015923649718587684, 0.015278079274024615, 0.015017772799007597, 0.015407428037233266, 0.015731218621830214, 0.014760478084206125, 0.01463479911317463, 0.014165491167616612, 0.014142964696528601, 0.013695609501444408, 0.014064129360388518, 0.014023627087305434, 0.014052741747623339, 0.013867063480467724, 0.013790978131919403, 0.013437732258357944, 0.013476375041087866, 0.0131058924096023, 0.012992953781627608, 0.012802583307456136, 0.012435033614279705, 0.0129052066400975, 0.012378829476674567, 0.012864429353872412, 0.012707769255028147, 0.012141525363860121, 0.011816179072738629, 0.01223359180090004, 0.012128806338873026, 0.011389385223258584, 0.011732864062010382, 0.011604651121694407, 0.011643277078902116, 0.011108440618775799, 0.0115785051155287, 0.010866554514420304, 0.010841226222204856, 0.011329738999452079, 0.011050499172977816, 0.010742584790761598, 0.01076172591218036, 0.010686287971081964, 0.010953234724005237, 0.01066337924781042, 0.010606464456706564, 0.010158814519348075, 0.010139932574968273, 0.0101323670316938, 0.009813660188050844, 0.010126268353866819, 0.010325926039261015, 0.009786695206368623, 0.010163978225720462, 0.010189365427672839, 0.010334930744641129, 0.010137434683120656]
x = [0 1 0], y = [1 0 0], out = [ 1.    0.01  0.01], e = 0.00951070989745
x = [1 0 1], y = [0 1 1], out = [ 0.    0.99  0.99], e = 0.00912200432036
x = [1 0 1], y = [0 1 1], out = [ 0.    0.99  0.99], e = 0.00912200432036
x = [1 0 0], y = [0 0 1], out = [ 0.01  0.01  1.  ], e = 0.00952580232177
x = [0 0 0], y = [0 0 0], out = [ 0.01  0.01  0.01], e = 0.0141030209383

ll = [3, 4, 4, 3], lr = 0.01
errors: [0.9693132143533991, 0.9341923862675027, 0.8896593179303666, 0.8891402533540735, 0.835625900689488, 0.8695132710264292, 0.8107668889945278, 0.8120024886674162, 0.7412027800106329, 0.6913303022320956, 0.6557596467006656, 0.6162988803554529, 0.6535708680785404, 0.6094338875723756, 0.5875014837470506, 0.5745160137464788, 0.5371143291113705, 0.5201892322926676, 0.5246303650233025, 0.4962723133827334, 0.49892197704665614, 0.3926034715714685, 0.4259109163811813, 0.43354524531436284, 0.4021175011123518, 0.39603772838064133, 0.39626729743704464, 0.36027176758371987, 0.358021015220396, 0.34335924602822665, 0.3463002843715892, 0.32633889775519365, 0.3222293061406834, 0.3235436398776374, 0.2911503044494507, 0.2918780971618546, 0.3050472475600233, 0.27665707953182167, 0.26071462091903774, 0.28776692559445394, 0.2587388046253441, 0.24711923108041361, 0.2464895620375508, 0.23482758502531811, 0.2542495835521046, 0.25297075462423746, 0.22875731774586874, 0.22597602360827213, 0.21206608553388853, 0.22745566772070888, 0.21540551043725956, 0.2214333450161552, 0.2057754934124006, 0.20732427619914148, 0.2049774440706131, 0.19773855578547037, 0.19052669965866723, 0.18477576562063233, 0.1867298005667103, 0.18805447355920768, 0.18077675709692836, 0.1788583299208779, 0.18241278074664688, 0.17114356741560055, 0.17755548489723047, 0.16975237931739026, 0.16127171222360395, 0.1556771405159701, 0.15918484514691408, 0.15939718171165723, 0.15646265070510643, 0.15663432743051398, 0.15407808048147068, 0.15446888426484132, 0.14548831087818845, 0.1499404400999021, 0.1446611719617172, 0.1485032183092113, 0.14268639230914218, 0.14518345411807326, 0.1399669924838376, 0.1361852346682699, 0.1398538669493332, 0.14000062894215748, 0.1402860866242369, 0.13456482753381616, 0.13375025300172433, 0.13202794028339246, 0.12973658456250983, 0.12948405109587646, 0.13113017200592966, 0.13026772978867068, 0.13187448425680195, 0.122944131787303, 0.1204869491314352, 0.12417837380040635, 0.12238930251323722, 0.1189934191973492, 0.11713911374639886, 0.11671950531929463]
x = [0 1 0], y = [1 0 0], out = [ 0.94  0.07  0.01], e = 0.0951857088359
x = [1 0 1], y = [0 1 1], out = [ 0.07  0.93  0.99], e = 0.0973149851047
x = [1 0 1], y = [0 1 1], out = [ 0.07  0.93  0.99], e = 0.0973149851047
x = [1 0 0], y = [0 0 1], out = [ 0.05  0.1   0.93], e = 0.132219968799
x = [0 0 0], y = [0 0 0], out = [ 0.06  0.08  0.01], e = 0.100401437777

ll = [3, 4, 4, 3], lr = 0.02
errors: [1.0786932095810216, 1.0858551621913404, 1.0218435502941243, 0.9903106991733197, 0.966930094105498, 0.8884275140849586, 0.8490952097836035, 0.850286532007868, 0.8249834376659894, 0.8468558351444411, 0.7879811357311115, 0.7314956236228806, 0.6581763636155388, 0.5672255793144491, 0.5461422755012176, 0.515924147484922, 0.47471242301710753, 0.43380128886356867, 0.42156029775550563, 0.4071061069654357, 0.3762933781450237, 0.3596002697625405, 0.35795995730710284, 0.34645080902944253, 0.3394089159731191, 0.3127434155183649, 0.3290064078552657, 0.3147113020973739, 0.34531359612576623, 0.2946537264753998, 0.2725706649890809, 0.279261728686079, 0.3139295333468461, 0.2778378549823556, 0.27713915863200334, 0.275380398893137, 0.2641922008974482, 0.25520299394472923, 0.2565833876552047, 0.2340531870947531, 0.25032116150041767, 0.2232115768498468, 0.22157474212935038, 0.21875910304066445, 0.24313324138818582, 0.2213802921349895, 0.2464260440169828, 0.2280765723743735, 0.22610080500079463, 0.20671138614356446, 0.20421843076423304, 0.2111321737705915, 0.19914371346859375, 0.19030666809998653, 0.20346944338178952, 0.2026813730955716, 0.17390379644334664, 0.1898915995723827, 0.155635327730424, 0.16554789720789967, 0.16807047231503586, 0.1591799316176093, 0.15274081725476246, 0.156714392853592, 0.1635509660804881, 0.15526957541605163, 0.17016982729908267, 0.1428624716957524, 0.13645284422353604, 0.1627968058796098, 0.16861690419477185, 0.14386206191705014, 0.15401793057382135, 0.1500812817485736, 0.13483082829614676, 0.13880275128540556, 0.1465751085636626, 0.1444614631354103, 0.129977332271127, 0.1630630229037331, 0.14479166282255873, 0.1287925502329449, 0.12298296542876376, 0.13498583679562556, 0.11869967932304969, 0.12448099864788494, 0.1335964896474885, 0.1361756994882317, 0.10480766777624276, 0.11042356671806174, 0.12578352214244576, 0.13562014926063032, 0.12194223638224636, 0.12395802111169293, 0.12260579172583762, 0.1251146975584676, 0.12082891197730657, 0.10597212024226405, 0.09959790870374563, 0.10839834851001967]
x = [0 1 0], y = [1 0 0], out = [ 0.95  0.07  0.  ], e = 0.083723953683
x = [1 0 1], y = [0 1 1], out = [ 0.04  0.92  1.  ], e = 0.0896205720688
x = [1 0 1], y = [0 1 1], out = [ 0.04  0.92  1.  ], e = 0.0896205720688
x = [1 0 0], y = [0 0 1], out = [ 0.03  0.02  0.99], e = 0.0413027857705
x = [0 0 0], y = [0 0 0], out = [ 0.07  0.01  0.07], e = 0.097908818798

ll = [3, 4, 4, 3], lr = 0.05
errors: [1.0020905993102764, 1.0063237517898886, 0.9532435065014359, 0.9359995746085675, 0.8952406389866625, 0.8445700010562792, 0.8121088333385916, 0.7731586473458334, 0.8422557550249842, 0.7622019061440471, 0.796531441607843, 0.7653284734704964, 0.6925495269971179, 0.8072661006855526, 0.8557264956635197, 0.7840065021785361, 0.8228449077621792, 0.7569843852434448, 0.8624559022153114, 0.7517182893296175, 0.7021609633638198, 0.5990781691662871, 0.7337838205296556, 0.8140847017150631, 0.7656838936973902, 0.7537695757203999, 0.7313512021471097, 0.7597464745396519, 0.793520935578166, 0.6769954131604264, 0.6921229032772298, 0.7457672605754828, 0.7277948025605085, 0.725730934054699, 0.6407896035925211, 0.7693172627081805, 0.6992595516245791, 0.6888547135827023, 0.6746198412190586, 0.7678035377498817, 0.7218413020268913, 0.6898238608165634, 0.6953122754854292, 0.6861894329077706, 0.8185121173115941, 0.7376997717968105, 0.7325734385764653, 0.6763678479481903, 0.6807455710223163, 0.6804907799243913, 0.7858037128187534, 0.8209202042235476, 0.6578314643870103, 0.6593041125045283, 0.7480440870860583, 0.7122714470237913, 0.7013228048965083, 0.7389216591764536, 0.6899375918050122, 0.7279208747513689, 0.6368120967381813, 0.6363360398138627, 0.7473806319826415, 0.6792690417895595, 0.769913394358519, 0.7515660216010628, 0.6760288229830607, 0.6532716043487143, 0.6649515652980645, 0.589471966586596, 0.7402838211198491, 0.7523264688679692, 0.5990711868410634, 0.6285597912677013, 0.6212134346337952, 0.6489414703719403, 0.6701769585877737, 0.8195582670336918, 0.7247163314888813, 0.7343461548401723, 0.722767771715723, 0.72514375968231, 0.6391085259862418, 0.6547147489517272, 0.7818411951612549, 0.7147923756402662, 0.7540742745053373, 0.701423044099335, 0.6685750660114691, 0.6930448540157411, 0.7088366643031264, 0.7949736658222035, 0.8104838840999221, 0.6667834744005897, 0.6869777288103235, 0.6454524757921888, 0.7584711900778113, 0.7018348918288434, 0.6951315618664929, 0.728263089411507]
x = [0 1 0], y = [1 0 0], out = [ 0.97  0.    0.05], e = 0.0589456690622
x = [1 0 1], y = [0 1 1], out = [ 1.  1.  1.], e = 0.999999272535
x = [1 0 1], y = [0 1 1], out = [ 1.  1.  1.], e = 0.999999272535
x = [1 0 0], y = [0 0 1], out = [ 1.    0.06  0.93], e = 1.00417096569
x = [0 0 0], y = [0 0 0], out = [ 1.    0.    0.05], e = 1.00094123125

ll = [3, 4, 4, 3], lr = 0.1
errors: [0.9292828134167759, 0.755830926054372, 0.7392444566291576, 0.6671993199251286, 0.418112352020921, 0.3374053184406257, 0.3062666886576846, 0.2540454231968233, 0.23616452978240388, 0.20964569643439174, 0.1935656213298164, 0.17780883085019183, 0.1595044511324701, 0.15196008034216976, 0.14148658855000815, 0.1382058896228779, 0.1285284971436999, 0.1250571651817075, 0.11675532985136383, 0.10775765535400655, 0.10564673827609493, 0.10424205362689863, 0.10124437914660182, 0.09339919942699762, 0.08890703584144184, 0.09017682389985618, 0.08691953547259935, 0.08278456509331619, 0.08396593682909276, 0.0771724643507334, 0.07600608776884447, 0.07375077593423346, 0.07210006913411365, 0.06969471248905162, 0.06734574067737417, 0.06648526477448753, 0.06596023226483644, 0.0626112810498306, 0.06475590244854335, 0.06038475444253967, 0.06299992391947333, 0.0628726091891383, 0.06037116470063255, 0.057420481231000416, 0.05749574797023774, 0.054174316660781076, 0.052508652225957714, 0.05418239091361999, 0.05553571067560182, 0.05144689666978607, 0.050494077338495674, 0.049310359656484504, 0.048487039489588685, 0.04637747391319819, 0.0490222127349396, 0.04896776829644825, 0.04779920804999836, 0.047595014119498735, 0.04687057218345759, 0.045767872219101814, 0.04550388499078645, 0.04391877863238232, 0.04345186070601385, 0.04275423405494542, 0.041922172331014335, 0.04357541364838686, 0.04158795294521332, 0.04288028790345667, 0.04227218243246488, 0.04062131893538072, 0.03956886987737298, 0.04071725362627682, 0.04103252442490121, 0.037693257071175365, 0.038166116188804444, 0.03821993795924401, 0.0389836550664259, 0.037050259855159536, 0.03829028684176459, 0.03647536017417786, 0.03579627056962427, 0.037439023051281814, 0.03634066999873398, 0.035402329462414193, 0.03528801589205367, 0.03513344091702059, 0.036479292431245404, 0.03543166885617876, 0.034086626171859154, 0.03243840323893113, 0.033087533630591935, 0.033664036414452835, 0.03215674579682843, 0.03307430680686382, 0.03391849370693222, 0.03185648361188192, 0.03339284125217384, 0.032918332535443955, 0.033446124101885175, 0.03296394791065678]
x = [0 1 0], y = [1 0 0], out = [ 0.99  0.02  0.02], e = 0.0271787359218
x = [1 0 1], y = [0 1 1], out = [ 0.02  0.99  0.98], e = 0.0283266993015
x = [1 0 1], y = [0 1 1], out = [ 0.02  0.99  0.98], e = 0.0283266993015
x = [1 0 0], y = [0 0 1], out = [ 0.02  0.02  0.99], e = 0.0310846288778
x = [0 0 0], y = [0 0 0], out = [ 0.03  0.03  0.02], e = 0.0486910289651

ll = [3, 4, 4, 3], lr = 0.15
errors: [0.44922999982580214, 0.2902060000825828, 0.2528136846668383, 0.20717927840617886, 0.194306232150747, 0.1612552606002494, 0.16526460247022154, 0.13031337384077005, 0.12952100270467343, 0.11654682132439188, 0.11342504135306539, 0.10098644627967497, 0.09608808830151466, 0.08985174373660076, 0.08509456830112094, 0.09026604608639655, 0.08058932121548787, 0.0817841579930212, 0.07436736184963587, 0.06537027293881724, 0.06584065650716703, 0.06585587718805859, 0.06610212866230658, 0.060218712522576885, 0.05649584190215279, 0.06069002474591377, 0.05683687881930051, 0.05316923139661741, 0.051851434195048854, 0.050308263154649244, 0.05266242012586402, 0.0492573190554555, 0.04486249217511449, 0.046699548523900104, 0.04251780833071279, 0.04284238284188886, 0.04507905590607217, 0.04088651266852821, 0.04206100234489821, 0.04220531268324015, 0.04144731076355237, 0.043055369767368144, 0.04152131683658711, 0.03814448389702046, 0.039153362360070824, 0.03731755906894568, 0.0333053948059159, 0.03580514723461119, 0.0361731274011713, 0.0355003934704804, 0.03425767890792122, 0.03369381865726514, 0.032254971367525614, 0.03144051822793157, 0.033157046822810926, 0.032765014036054425, 0.03284311319412712, 0.031830916367238504, 0.03290156390309358, 0.03201291535189073, 0.03156031871739861, 0.03039158596894471, 0.031200507235660334, 0.029109156966932927, 0.02914677520912727, 0.030442475641438996, 0.027119267598397334, 0.029140104092117487, 0.029632280151233096, 0.027245393854122116, 0.025898771453592664, 0.02854920568747217, 0.027888602778369114, 0.025481619116270542, 0.025970614393922894, 0.026554425597164647, 0.02618636431644121, 0.025153237001841754, 0.026641859019672996, 0.024009681981878056, 0.023675577105049642, 0.025584804638048048, 0.025510183947839313, 0.024414512974179372, 0.025181772944533803, 0.024185342562447573, 0.02527429181776661, 0.024039796422239225, 0.024294347908491398, 0.02269126791608823, 0.02285403469524036, 0.022873862900875373, 0.02260651686388442, 0.022151603866427894, 0.02274531412227881, 0.02158896694594934, 0.023171783328234483, 0.023049739872097484, 0.023530352796500814, 0.02290953868777581]
x = [0 1 0], y = [1 0 0], out = [ 0.99  0.01  0.  ], e = 0.0157677649582
x = [1 0 1], y = [0 1 1], out = [ 0.01  0.99  1.  ], e = 0.0157535360144
x = [1 0 1], y = [0 1 1], out = [ 0.01  0.99  1.  ], e = 0.0157535360144
x = [1 0 0], y = [0 0 1], out = [ 0.02  0.02  1.  ], e = 0.0241709385369
x = [0 0 0], y = [0 0 0], out = [ 0.02  0.02  0.02], e = 0.0356186258787

ll = [3, 4, 4, 3], lr = 0.2
errors: [0.6156454057166241, 0.4318303194467435, 0.34662011157444217, 0.2600645762982154, 0.20952969567373192, 0.16893828938304917, 0.1401221336700155, 0.12419854382424657, 0.11377844070359552, 0.10368429472038784, 0.09272534009513798, 0.08707811026262062, 0.08301708841175344, 0.07378516239434386, 0.07126908499306212, 0.06755910409884554, 0.06486673421573715, 0.06215938642187912, 0.059026922473490735, 0.057828777004791, 0.05690777329382023, 0.05555740934289889, 0.053168894538244166, 0.05019537204924273, 0.04851013806523908, 0.04740161516801201, 0.04625173211028805, 0.04493049542282963, 0.04419431705277396, 0.04303083077435632, 0.04175842117898951, 0.04080126155211016, 0.040677438843636615, 0.03905228412387141, 0.0389780804119916, 0.037464506422311895, 0.037150836470281765, 0.03626213422961417, 0.03620559577333314, 0.034483770835277136, 0.034904860161767734, 0.03402440378014293, 0.03320422575109907, 0.032833400299211335, 0.032046275141708526, 0.03154667018403696, 0.031635105093225147, 0.03130199712428686, 0.03102403723188619, 0.03037099408503317, 0.029191940933412173, 0.028920417801498798, 0.02904310928561837, 0.02829563139272344, 0.028591111266630973, 0.028323870093084923, 0.02756753463678309, 0.02738813595036022, 0.026708030841293834, 0.026639978967012697, 0.02648414025578166, 0.026279240404298982, 0.02543906051328521, 0.02558162365928942, 0.025041987615140912, 0.024866016506379714, 0.02511119237054137, 0.024631651823229798, 0.024360554873105653, 0.024623454360584673, 0.02394225395282698, 0.023614644765653132, 0.024190666942966614, 0.023472983406187274, 0.023122547035184612, 0.02297410440093523, 0.023170852155361524, 0.022423580231835116, 0.02226774234803386, 0.022413849333995067, 0.022050596060027735, 0.021806105070956493, 0.021747906970654488, 0.02159075479774822, 0.02095906797725937, 0.021144857253580875, 0.02103309856692181, 0.0209715835262266, 0.020434578739580336, 0.02022456599304531, 0.020274249053460078, 0.020325417267864278, 0.01963634331240895, 0.020209070160917903, 0.02011248850129352, 0.02000919086238988, 0.01963941006171919, 0.01931589350559336, 0.019376694867289455, 0.019324331934188668]
x = [0 1 0], y = [1 0 0], out = [ 0.99  0.02  0.01], e = 0.0206542219763
x = [1 0 1], y = [0 1 1], out = [ 0.01  0.99  0.99], e = 0.0185560807632
x = [1 0 1], y = [0 1 1], out = [ 0.01  0.99  0.99], e = 0.0185560807632
x = [1 0 0], y = [0 0 1], out = [ 0.    0.01  0.99], e = 0.0175802655245
x = [0 0 0], y = [0 0 0], out = [ 0.01  0.02  0.01], e = 0.0206454536011

ll = [3, 4, 4, 3], lr = 0.3
errors: [0.4834143858240243, 0.512987131512236, 0.42761714043335636, 0.3778165277847851, 0.2887817056816094, 0.2908541798378657, 0.33028156199959247, 0.28916561987755274, 0.3089161295973046, 0.2685766307800445, 0.2934864090113759, 0.30096071619838655, 0.24285750671349576, 0.4210171027830842, 0.28924738513902204, 0.2482579020850738, 0.20955857961642949, 0.2849708744297503, 0.2364064191429639, 0.2882568798703089, 0.22275234206052238, 0.3117331495279251, 0.2282416622274237, 0.26828307047624805, 0.29574742984070795, 0.287885388624103, 0.24660095835698992, 0.25611775231621237, 0.2786643328727332, 0.2426722168387677, 0.25333957809203783, 0.21507332925626466, 0.2536541689745251, 0.2709705877407208, 0.2808142928204924, 0.24078677881888663, 0.2212574545019522, 0.2591128355435086, 0.26286803907954553, 0.2672335516460382, 0.2822787863763039, 0.3512562336191539, 0.29128939010227684, 0.3093738460293977, 0.23112727078632267, 0.2558810349223697, 0.21889422960017477, 0.22905846319637946, 0.27026370653499954, 0.2964918754373136, 0.2764783826625581, 0.20679960596568342, 0.3047390073562782, 0.2919214152168108, 0.19890944433317567, 0.2776892177982213, 0.26602774532999485, 0.31775570066805353, 0.3431076844764834, 0.23638145917116152, 0.265016460207523, 0.22549910109351426, 0.18466374045703662, 0.25412308216064283, 0.23337497419310477, 0.26483779881518893, 0.3041719162067566, 0.3636217150165738, 0.25467976330806397, 0.24438948401384344, 0.28375060970502824, 0.20576389791003982, 0.26614323605784757, 0.28135872749396684, 0.30216042348438366, 0.2626920921675566, 0.22601502117274014, 0.19393806410424944, 0.2925465696518824, 0.2333412325401726, 0.25228308294400426, 0.312759247317639, 0.24148694885064134, 0.2313710578475815, 0.20132352722109592, 0.2716238453468098, 0.27345536344435994, 0.291944102510123, 0.28032852413578235, 0.26952364596705974, 0.2306018234523469, 0.18359266473401786, 0.23971098846059896, 0.26131144485962404, 0.28210033901017556, 0.16178371095549493, 0.22283581726855853, 0.29046937866257283, 0.22247635794210463, 0.23308920962964408]
x = [0 1 0], y = [1 0 0], out = [ 1.    0.    0.01], e = 0.00943425638693
x = [1 0 1], y = [0 1 1], out = [ 0.  1.  0.], e = 0.999999991655
x = [1 0 1], y = [0 1 1], out = [ 0.  1.  0.], e = 0.999999991655
x = [1 0 0], y = [0 0 1], out = [ 0.    0.    0.99], e = 0.00596498157241
x = [0 0 0], y = [0 0 0], out = [ 0.02  0.03  0.02], e = 0.0420891569167

ll = [3, 4, 4, 3], lr = 0.5
errors: [0.6252507271456248, 0.39600638413260725, 0.20671956470803327, 0.19174322273928407, 0.20863018537914757, 0.23557392348798215, 0.1274226327954938, 0.1338397534538386, 0.1258874422712118, 0.09338933700941197, 0.07017208221430525, 0.056560472571856535, 0.04994977755417376, 0.03909445824650609, 0.03547275060074619, 0.034374700784961194, 0.03024618099453472, 0.027357087249535273, 0.0264982407675808, 0.02595484629926268, 0.025502513284580704, 0.02165319903026667, 0.022957767499723385, 0.020418590606266537, 0.01957626162366295, 0.018615057463703646, 0.020238751488557093, 0.017251125118766385, 0.01992433615010325, 0.016148976695784956, 0.015916563153072116, 0.014882634061257494, 0.01715271653189571, 0.015626445631417008, 0.014855848397018262, 0.013923257303427966, 0.014973566588369408, 0.013186749177777126, 0.013456392796211683, 0.013222374457798105, 0.013659211701392487, 0.012708214587214295, 0.012351148302615475, 0.011535709482193512, 0.013244750803795318, 0.012658538384956316, 0.011952784241395654, 0.012024399789729181, 0.011640098481880192, 0.01213720313302119, 0.010589270352771291, 0.011216537175455642, 0.010788218057539638, 0.01053909236277406, 0.011230862752851874, 0.011264529274742726, 0.009662588561559755, 0.010104920703728475, 0.009391086250091198, 0.00994832852580342, 0.00978989635637726, 0.00953855468328771, 0.009267738221713282, 0.008893085714269932, 0.00953035365922668, 0.009118713279930706, 0.008997899426747016, 0.008192616065004358, 0.008406724877823792, 0.009500478985365454, 0.00889259816657295, 0.008490250162462435, 0.009669458077583393, 0.009067354935162827, 0.007839412608423491, 0.008646781275331712, 0.008657525671936554, 0.008382114273610049, 0.007896936457499162, 0.009146106080678338, 0.008124715819515016, 0.007647497840903882, 0.008124134251341463, 0.008576415409704823, 0.007891361864488843, 0.007878972783912192, 0.008283041927095076, 0.008361237343734462, 0.007113637979136067, 0.007124373107525117, 0.008079205970795545, 0.008369738103429076, 0.008135763824577926, 0.007572988945236379, 0.007414689961429102, 0.007982124029677143, 0.007690354243403737, 0.006906853252066225, 0.006690372100106501, 0.007008785223289624]
x = [0 1 0], y = [1 0 0], out = [ 1.  0.  0.], e = 0.00286195093471
x = [1 0 1], y = [0 1 1], out = [ 0.  1.  1.], e = 0.00273824018327
x = [1 0 1], y = [0 1 1], out = [ 0.  1.  1.], e = 0.00273824018327
x = [1 0 0], y = [0 0 1], out = [ 0.  0.  1.], e = 0.00646850854713
x = [0 0 0], y = [0 0 0], out = [ 0.  0.  0.], e = 0.0063436966439

ll = [3, 4, 4, 3], lr = 0.9
errors: [1.058297840474597, 1.12683980560072, 1.12302261998207, 1.1155869301408026, 1.0628535399748131, 1.188127828518808, 1.1545289761960538, 1.1115891818783938, 1.1601046842036409, 1.0689231839239606, 1.132123431662614, 1.108949252655603, 1.050105608166886, 1.2998087110848482, 1.1757214871491095, 1.1369322790865826, 1.0812766588273093, 1.1382614241022615, 1.1633604053602316, 1.1392497558969894, 1.0839393681578857, 1.0213047803703459, 1.0844538032963076, 1.1752046175432387, 1.1422026562166585, 1.1715002273099757, 1.130713007287482, 1.091812312401944, 1.1995604230329067, 1.0413700724601158, 1.0948775198071763, 1.0466341640222847, 1.0499869345487256, 1.1421804735481926, 1.0603485405825666, 1.0736078288748896, 1.0865415874428512, 1.0476250929156858, 1.0437867668586644, 1.184660473337597, 1.1526629059124334, 1.1945585434226669, 1.1121720529853858, 1.0997929389760588, 1.181810086110633, 1.1947978105830166, 1.0322472345014684, 1.047079602821443, 1.0677596963317595, 1.2009535220394694, 1.1377392690559243, 1.14323674511943, 1.1277742023293909, 1.115603984590593, 1.1112983996879842, 1.181307549721791, 1.0909832587309374, 1.1655672335042793, 1.2156779872213683, 1.1457890728966058, 1.0709086435110973, 1.0548779241957236, 1.0725466042431493, 1.0783264768360574, 1.1572116309268516, 1.1498862194389903, 1.1051025977192468, 1.1473731942815353, 1.0813231578506752, 1.0394457917181983, 1.1118362560625625, 1.0622540581675852, 1.13950756789131, 1.1331093510063261, 1.0507323431649735, 1.106993094018312, 1.076154846440658, 1.1336280107055192, 1.15035913016201, 1.1340409818922335, 1.1027755035405815, 1.1598815088125642, 1.113029654015639, 1.1139894576635714, 1.1485455192626197, 1.1817149357345273, 1.1947367887106861, 1.1955265499005525, 1.1337579061054648, 1.115084579075188, 1.1302860102860286, 1.1450994725956682, 1.2523924323451707, 1.1041118496175744, 1.1264949780619644, 1.0287921741162556, 1.1377675129592506, 1.1356600715020744, 1.0706662641606741, 1.1018020438826097]
x = [0 1 0], y = [1 0 0], out = [ 1.  0.  0.], e = 0.00368792932421
x = [1 0 1], y = [0 1 1], out = [ 1.  0.  0.], e = 1.73205080757
x = [1 0 1], y = [0 1 1], out = [ 1.  0.  0.], e = 1.73205080757
x = [1 0 0], y = [0 0 1], out = [ 1.  0.  0.], e = 1.41421356237
x = [0 0 0], y = [0 0 0], out = [ 1.  0.  0.], e = 0.999999864218

E
